 1951      76.00      46.00
 1952      63.00      31.00
 1953      53.00     115.00
 1954      54.00      53.00
 1955      37.00      58.00
 1956      37.00      39.00
 1957     137.00      27.00
 1958     115.00      82.00
 1959     126.00       7.00
 1960     100.00      27.00
 1961     117.00      30.00
 1962     117.00      10.00
 1963     116.00      13.00
 1964     165.00      47.00
 1965     167.00       4.00
 1966     100.00      68.00
 1967      99.00      20.00
 1968     135.00      20.00
 1969     135.00      96.00
 1970     129.00      44.00
 1971     125.00       7.00
 1972      49.00      12.00
 1973      42.00      25.00
 1974      28.00      12.00
 1975      68.00      29.00
 1976      74.00      36.00
 1977      20.00      16.00
 1978      56.00      30.00
 1979      49.00      10.00
 1980      78.00      30.00
 1981      63.00       9.00
 1982      80.00      11.00
 1983      42.00      17.00
 1984      32.00      24.00
 1985      76.00      13.00
 1986      76.00      12.00
 1987      -4.00       5.00
 1988     112.00       0.00
 1989      66.00       0.00
 1990      87.00       0.00
 1991      84.00      88.00
 1992      79.00       5.00
 1993      70.00      24.00
 1994     130.00       0.00
 1995     123.00      27.00
 1996     167.00       0.00
 1997     -52.00       0.00
 1998     -24.00      12.00
 1999     -14.00       1.00
 2000      -5.00       4.00
 2001      11.00      14.00
 2002       1.00       3.00
 2003     -59.00       5.00
 2004      34.00       1.00
 2005      36.00       0.00
 2006      26.00      22.00
 2007     -41.00       0.00
 2008     -55.00       4.00
 2009     -26.00       0.00
 2010     -66.00       0.00
 2011     -92.00       2.00
 2012     -49.00       7.00
 2013     -43.00       2.00
 2014     -29.00       0.00
 2015     -44.00       0.00
 2016     -85.00       0.00
 2017     -39.00       0.00
 2018    -152.00      10.00
 2019     -73.00       3.00
 2020     -86.00       2.00
 2021     -95.00       1.00
