   1.0199999809265137       0.38999998569488525     
  0.94999998807907104       0.31999999284744263     
  0.87000000476837158       0.27000001072883606     
  0.76999998092651367       0.21999999880790710     
  0.67000001668930054       0.18000000715255737     
  0.56000000238418579       0.15000000596046448     
  0.43999999761581421       0.12999999523162842     
  0.30000001192092896       0.11999999731779099     
  0.15999999642372131       0.12999999523162842     
   9.9999997764825821E-003  0.15000000596046448     
